{
	"mGuid": 21046,
	"type": 1958571604,
	"mRestitution": 2.000000,
	"mStaticFriction": 0.000000,
	"mDynamicFriction": 0.000000
}