{
	"mGuid": 24946,
	"type": 1958571604,
	"mRestitution": 0.100000,
	"mStaticFriction": 1.000000,
	"mDynamicFriction": 1.000000
}